[float X1, float X2, float Y1, float Y2, [5] int immune, float power, float hitangle, int hitstun, [9] float damage, int immframes, int freezeframes, int hittype] - StartFrame(13) - EndFrame(14)

Character
1

Neutral
[48]
0.9,1.55,-1.8,1.4,-1,0.24,160,26,1.9,4,2,1,7,9
AND
-1.55,-0.9,-1.8,1.4,-1,0.24,20,26,1.9,4,2,1,7,9
AND
-0.3,1.75,-1.8,1.6,-1,0.53,63,28,2.6,4,4,2,22,23
AND
-1.75,0.3,-1.8,1.6,-1,0.53,117,28,2.6,4,4,3,22,23

Stab
[24]
0.5,2.0,-0.3,0.3,-1,0.4,55,23,2.2,4,3,1,4,5

Dash
[30]
0,1,-1.25,1.4,-1,0.5,20,30,4.2,18,0,1,9,10
AND
0,1,-1.25,1.4,-1,0.47,20,26,3.6,18,0,1,11,11
AND
0,1,-1.25,1.4,-1,0.46,20,23,3.2,18,1,1,12,12
AND
0,1,-1.25,1.4,-1,0.45,20,22,3.1,18,1,1,13,13
AND
0,1,-1.25,1.4,-1,0.44,20,21,3.0,18,1,1,14,14
AND
0,1,-1.25,1.4,-1,0.43,20,20,2.9,18,1,1,15,15
AND
0,1,-1.25,1.4,-1,0.42,20,19,2.8,18,1,1,16,16
AND
0,1,-1.25,1.4,-1,0.41,20,18,2.7,18,1,1,17,17

Upper
[28]
0.5,1.6,0,1.75,-1,0.7,75,31,4.1,5,4,1,6,7

Power
[56]
-0.3,1.5,0,1.45,-1,0.3,70,20,2.0,4,3,1,11,11
AND
0.3,1.5,0,1.75,-1,0.74,50,38,4,4,3,1,18,18
AND
2,3.5,1.75,2.75,-1,0.5,45,32,3.4,4,3,1,18,18
AND
1.5,2.4,0.5,1.75,-1,0.36,40,27,2.3,4,3,1,18,18

Nair
[28]
0.7,1.85,-1.4,-0.5,-1,0.32,44,31,3.3,12,3,1,9,9
AND
0.7,1.85,-1.4,-0.5,-1,0.3,44,30,3.0,12,3,1,10,10
AND
0.7,1.85,-1.4,-0.5,-1,0.28,44,29,2.7,12,3,1,11,11
AND
0.7,1.85,-1.4,-0.5,-1,0.26,44,28,2.4,12,3,1,12,12

Fair
[33]
0.7,2.1,-0.5,0.6,-1,0.47,50,27,3.4,7,2,1,11,11
AND
0.7,2.1,-0.5,0.6,-1,0.44,50,24,3.2,7,2,1,12,12
AND
0.7,2.1,-0.5,0.6,-1,0.41,50,21,3.0,7,2,1,13,13

Dair
[33]
-0.95,0.95,-1.3,-0.5,-1,0.42,-90,34,3.4,4,4,1,8,8
AND
-0.85,0.85,-3.0,-1.3,-1,0.34,-90,27,2.3,4,4,1,8,8

Uair
[36]
0.5,1.9,0.6,2.25,-1,1.0,75,30,2.70,12,2,1,4,4
AND
0.5,1.9,0.6,2.25,-1,0.9,75,30,2.30,12,2,1,5,9
AND
0.5,1.9,0.6,2.25,-1,0.84,75,30,1.90,12,2,1,10,13